122
NULL 0 Common 0
Joined 7 0,255,0,255,0,0,0,0,0,0 Latin 1 0 1 Joined	# Joined [4a 6f 69 6e 65 64 ]a
|Broken|0|1 15 0,255,0,255,0,0,0,0,0,0 Common 2 10 2 |Broken|0|1	# Broken
ق 1 0,255,0,255,0,0,0,0,0,0 Arabic 3 13 3 ق	# ق [642 ]x
ا 1 0,255,0,255,0,0,0,0,0,0 Arabic 4 13 4 ا	# ا [627 ]x
ل 1 0,255,0,255,0,0,0,0,0,0 Arabic 5 13 5 ل	# ل [644 ]x
: 16 0,255,0,255,0,0,0,0,0,0 Common 6 6 6 :	# : [3a ]p
و 1 0,255,0,255,0,0,0,0,0,0 Arabic 7 13 7 و	# و [648 ]x
ع 1 0,255,0,255,0,0,0,0,0,0 Arabic 8 13 8 ع	# ع [639 ]x
ب 1 0,255,0,255,0,0,0,0,0,0 Arabic 9 13 9 ب	# ب [628 ]x
د 1 0,255,0,255,0,0,0,0,0,0 Arabic 10 13 10 د	# د [62f ]x
ه 1 0,255,0,255,0,0,0,0,0,0 Arabic 11 13 11 ه	# ه [647 ]x
ن 1 0,255,0,255,0,0,0,0,0,0 Arabic 12 13 12 ن	# ن [646 ]x
م 1 0,255,0,255,0,0,0,0,0,0 Arabic 13 13 13 م	# م [645 ]x
ر 1 0,255,0,255,0,0,0,0,0,0 Arabic 14 13 14 ر	# ر [631 ]x
ص 1 0,255,0,255,0,0,0,0,0,0 Arabic 15 13 15 ص	# ص [635 ]x
ك 1 0,255,0,255,0,0,0,0,0,0 Arabic 16 13 16 ك	# ك [643 ]x
ة 1 0,255,0,255,0,0,0,0,0,0 Arabic 17 13 17 ة	# ة [629 ]x
ش 1 0,255,0,255,0,0,0,0,0,0 Arabic 18 13 18 ش	# ش [634 ]x
ت 1 0,255,0,255,0,0,0,0,0,0 Arabic 19 13 19 ت	# ت [62a ]x
، 16 0,255,0,255,0,0,0,0,0,0 Common 20 6 20 ،	# ، [60c ]p
ف 1 0,255,0,255,0,0,0,0,0,0 Arabic 21 13 21 ف	# ف [641 ]x
ي 1 0,255,0,255,0,0,0,0,0,0 Arabic 22 13 22 ي	# ي [64a ]x
س 1 0,255,0,255,0,0,0,0,0,0 Arabic 23 13 23 س	# س [633 ]x
أ 1 0,255,0,255,0,0,0,0,0,0 Arabic 24 13 24 أ	# أ [623 ]x
ض 1 0,255,0,255,0,0,0,0,0,0 Arabic 25 13 25 ض	# ض [636 ]x
ح 1 0,255,0,255,0,0,0,0,0,0 Arabic 26 13 26 ح	# ح [62d ]x
. 16 0,255,0,255,0,0,0,0,0,0 Common 27 6 27 .	# . [2e ]p
ج 1 0,255,0,255,0,0,0,0,0,0 Arabic 28 13 28 ج	# ج [62c ]x
ز 1 0,255,0,255,0,0,0,0,0,0 Arabic 29 13 29 ز	# ز [632 ]x
ء 1 0,255,0,255,0,0,0,0,0,0 Arabic 30 13 30 ء	# ء [621 ]x
ى 1 0,255,0,255,0,0,0,0,0,0 Arabic 31 13 31 ى	# ى [649 ]x
إ 1 0,255,0,255,0,0,0,0,0,0 Arabic 32 13 32 إ	# إ [625 ]x
ث 1 0,255,0,255,0,0,0,0,0,0 Arabic 33 13 33 ث	# ث [62b ]x
ذ 1 0,255,0,255,0,0,0,0,0,0 Arabic 34 13 34 ذ	# ذ [630 ]x
خ 1 0,255,0,255,0,0,0,0,0,0 Arabic 35 13 35 خ	# خ [62e ]x
ط 1 0,255,0,255,0,0,0,0,0,0 Arabic 36 13 36 ط	# ط [637 ]x
ئ 1 0,255,0,255,0,0,0,0,0,0 Arabic 37 13 37 ئ	# ئ [626 ]x
آ 1 0,255,0,255,0,0,0,0,0,0 Arabic 38 13 38 آ	# آ [622 ]x
( 16 0,255,0,255,0,0,0,0,0,0 Common 39 10 40 (	# ( [28 ]p
) 16 0,255,0,255,0,0,0,0,0,0 Common 40 10 39 )	# ) [29 ]p
غ 1 0,255,0,255,0,0,0,0,0,0 Arabic 41 13 41 غ	# غ [63a ]x
« 16 0,255,0,255,0,0,0,0,0,0 Common 42 10 43 «	# « [ab ]p
» 16 0,255,0,255,0,0,0,0,0,0 Common 43 10 42 »	# » [bb ]p
ؤ 1 0,255,0,255,0,0,0,0,0,0 Arabic 44 13 44 ؤ	# ؤ [624 ]x
ظ 1 0,255,0,255,0,0,0,0,0,0 Arabic 45 13 45 ظ	# ظ [638 ]x
١ 8 0,255,0,255,0,0,0,0,0,0 Arabic 46 5 46 ١	# ١ [661 ]0
؛ 16 0,255,0,255,0,0,0,0,0,0 Common 47 13 47 ؛	# ؛ [61b ]p
- 16 0,255,0,255,0,0,0,0,0,0 Common 48 3 48 -	# - [2d ]p
[ 16 0,255,0,255,0,0,0,0,0,0 Common 49 10 52 [	# [ [5b ]p
٨ 8 0,255,0,255,0,0,0,0,0,0 Arabic 50 5 50 ٨	# ٨ [668 ]0
٩ 8 0,255,0,255,0,0,0,0,0,0 Arabic 51 5 51 ٩	# ٩ [669 ]0
] 16 0,255,0,255,0,0,0,0,0,0 Common 52 10 49 ]	# ] [5d ]p
٠ 8 0,255,0,255,0,0,0,0,0,0 Arabic 53 5 53 ٠	# ٠ [660 ]0
٤ 8 0,255,0,255,0,0,0,0,0,0 Arabic 54 5 54 ٤	# ٤ [664 ]0
٥ 8 0,255,0,255,0,0,0,0,0,0 Arabic 55 5 55 ٥	# ٥ [665 ]0
٦ 8 0,255,0,255,0,0,0,0,0,0 Arabic 56 5 56 ٦	# ٦ [666 ]0
٧ 8 0,255,0,255,0,0,0,0,0,0 Arabic 57 5 57 ٧	# ٧ [667 ]0
٢ 8 0,255,0,255,0,0,0,0,0,0 Arabic 58 5 58 ٢	# ٢ [662 ]0
؟ 16 0,255,0,255,0,0,0,0,0,0 Common 59 13 59 ؟	# ؟ [61f ]p
٣ 8 0,255,0,255,0,0,0,0,0,0 Arabic 60 5 60 ٣	# ٣ [663 ]0
! 16 0,255,0,255,0,0,0,0,0,0 Common 61 10 61 !	# ! [21 ]p
/ 16 0,255,0,255,0,0,0,0,0,0 Common 62 6 62 /	# / [2f ]p
< 0 0,255,0,255,0,0,0,0,0,0 Common 63 10 64 <	# < [3c ]
> 0 0,255,0,255,0,0,0,0,0,0 Common 64 10 63 >	# > [3e ]
~ 0 0,255,0,255,0,0,0,0,0,0 Common 65 10 65 ~	# ~ [7e ]
{ 16 0,255,0,255,0,0,0,0,0,0 Common 66 10 78 {	# { [7b ]p
﻿ 0 0,255,0,255,0,0,0,0,0,0 Common 67 18 67 ﻿	# ﻿ [feff ]
۔ 16 0,255,0,255,0,0,0,0,0,0 Arabic 68 13 68 ۔	# ۔ [6d4 ]p
؍ 16 0,255,0,255,0,0,0,0,0,0 Arabic 69 13 69 ؍	# ؍ [60d ]p
ً 0 0,255,0,255,0,0,0,0,0,0 Inherited 70 17 70 ً	# ً [64b ]
٪ 16 0,255,0,255,0,0,0,0,0,0 Arabic 71 4 71 ٪	# ٪ [66a ]p
‫ 0 0,255,0,255,0,0,0,0,0,0 Common 72 14 72 ‫	# ‫ [202b ]
‪ 0 0,255,0,255,0,0,0,0,0,0 Common 73 11 73 ‪	# ‪ [202a ]
¡ 16 0,255,0,255,0,0,0,0,0,0 Common 74 10 74 ¡	# ¡ [a1 ]p
‌ 0 0,255,0,255,0,0,0,0,0,0 Inherited 75 18 75 ‌	# ‌ [200c ]
ی 1 0,255,0,255,0,0,0,0,0,0 Arabic 76 13 76 ی	# ی [6cc ]x
" 16 0,255,0,255,0,0,0,0,0,0 Common 77 10 77 "	# " [22 ]p
} 16 0,255,0,255,0,0,0,0,0,0 Common 78 10 66 }	# } [7d ]p
* 16 0,255,0,255,0,0,0,0,0,0 Common 79 10 79 *	# * [2a ]p
‬ 0 0,255,0,255,0,0,0,0,0,0 Common 80 16 80 ‬	# ‬ [202c ]
ک 1 0,255,0,255,0,0,0,0,0,0 Arabic 81 13 81 ک	# ک [6a9 ]x
گ 1 0,255,0,255,0,0,0,0,0,0 Arabic 82 13 82 گ	# گ [6af ]x
ں 1 0,255,0,255,0,0,0,0,0,0 Arabic 83 13 83 ں	# ں [6ba ]x
پ 1 0,255,0,255,0,0,0,0,0,0 Arabic 84 13 84 پ	# پ [67e ]x
ہ 1 0,255,0,255,0,0,0,0,0,0 Arabic 85 13 85 ہ	# ہ [6c1 ]x
| 0 0,255,0,255,0,0,0,0,0,0 Common 86 10 86 |	# | [7c ]
_ 16 0,255,0,255,0,0,0,0,0,0 Common 87 10 87 _	# _ [5f ]p
' 16 0,255,0,255,0,0,0,0,0,0 Common 88 10 88 '	# ' [27 ]p
ِ 0 0,255,0,255,0,0,0,0,0,0 Inherited 89 17 89 ِ	# ِ [650 ]
َ 0 0,255,0,255,0,0,0,0,0,0 Inherited 90 17 90 َ	# َ [64e ]
ّ 0 0,255,0,255,0,0,0,0,0,0 Inherited 91 17 91 ّ	# ّ [651 ]
ێ 1 0,255,0,255,0,0,0,0,0,0 Arabic 92 13 92 ێ	# ێ [6ce ]x
ُ 0 0,255,0,255,0,0,0,0,0,0 Inherited 93 17 93 ُ	# ُ [64f ]
؞ 16 0,255,0,255,0,0,0,0,0,0 Arabic 94 13 94 ؞	# ؞ [61e ]p
٬ 16 0,255,0,255,0,0,0,0,0,0 Arabic 95 5 95 ٬	# ٬ [66c ]p
+ 0 0,255,0,255,0,0,0,0,0,0 Common 96 3 96 +	# + [2b ]
٫ 16 0,255,0,255,0,0,0,0,0,0 Arabic 97 5 97 ٫	# ٫ [66b ]p
ْ 0 0,255,0,255,0,0,0,0,0,0 Inherited 98 17 98 ْ	# ْ [652 ]
` 0 0,255,0,255,0,0,0,0,0,0 Common 99 10 99 '	# ` [60 ]
ٱ 1 0,255,0,255,0,0,0,0,0,0 Arabic 100 13 100 ٱ	# ٱ [671 ]x
؏ 0 0,255,0,255,0,0,0,0,0,0 Arabic 101 10 101 ؏	# ؏ [60f ]
ھ 1 0,255,0,255,0,0,0,0,0,0 Arabic 102 13 102 ھ	# ھ [6be ]x
ے 1 0,255,0,255,0,0,0,0,0,0 Arabic 103 13 103 ے	# ے [6d2 ]x
‮ 0 0,255,0,255,0,0,0,0,0,0 Common 104 15 104 ‮	# ‮ [202e ]
ڵ 1 0,255,0,255,0,0,0,0,0,0 Arabic 105 13 105 ڵ	# ڵ [6b5 ]x
چ 1 0,255,0,255,0,0,0,0,0,0 Arabic 106 13 106 چ	# چ [686 ]x
ٹ 1 0,255,0,255,0,0,0,0,0,0 Arabic 107 13 107 ٹ	# ٹ [679 ]x
\ 16 0,255,0,255,0,0,0,0,0,0 Common 108 10 108 \	# \ [5c ]p
ٍ 0 0,255,0,255,0,0,0,0,0,0 Inherited 109 17 109 ٍ	# ٍ [64d ]
ۆ 1 0,255,0,255,0,0,0,0,0,0 Arabic 110 13 110 ۆ	# ۆ [6c6 ]x
ە 1 0,255,0,255,0,0,0,0,0,0 Arabic 111 13 111 ە	# ە [6d5 ]x
ڤ 1 0,255,0,255,0,0,0,0,0,0 Arabic 112 13 112 ڤ	# ڤ [6a4 ]x
ژ 1 0,255,0,255,0,0,0,0,0,0 Arabic 113 13 113 ژ	# ژ [698 ]x
ڕ 1 0,255,0,255,0,0,0,0,0,0 Arabic 114 13 114 ڕ	# ڕ [695 ]x
ڒ 1 0,255,0,255,0,0,0,0,0,0 Arabic 115 13 115 ڒ	# ڒ [692 ]x
ۊ 1 0,255,0,255,0,0,0,0,0,0 Arabic 116 13 116 ۊ	# ۊ [6ca ]x
̌ 0 0,255,0,255,0,0,0,0,0,0 Inherited 117 17 117 ̌	# ̌ [30c ]
ڹ 1 0,255,0,255,0,0,0,0,0,0 Arabic 118 13 118 ڹ	# ڹ [6b9 ]x
ڶ 1 0,255,0,255,0,0,0,0,0,0 Arabic 119 13 119 ڶ	# ڶ [6b6 ]x
ڔ 1 0,255,0,255,0,0,0,0,0,0 Arabic 120 13 120 ڔ	# ڔ [694 ]x
‍ 0 0,255,0,255,0,0,0,0,0,0 Inherited 121 18 121 ‍	# ‍ [200d ]
